500;2;0.003000;747;504;3;1;2;65.876155;65.876155;
10500;2;0.091000;21187;10866;84;1;83;50.348145;50.348145;
20500;3;0.184000;45512;21012;162;3;161;50.628442;50.475803;62.992126;
30500;3;0.281000;75386;31117;241;4;240;50.390509;50.240178;62.467194;
40500;3;0.395000;105561;41322;320;5;319;50.392063;50.244406;62.204723;
50500;3;0.455000;135435;51427;398;7;397;50.291272;50.273899;51.443568;
60500;3;0.547000;165309;61530;476;8;475;50.329407;50.293724;52.755903;
70500;3;0.641000;195649;71792;556;9;555;50.289669;50.237192;53.937008;
80500;3;0.743000;225523;81895;634;10;633;50.318511;50.256593;54.680664;
90500;3;0.836000;255397;92002;713;12;712;50.202165;50.201399;50.250533;
100500;3;0.956000;285271;102105;791;13;790;50.234059;50.220671;51.115484;
110500;3;1.097000;315776;112420;870;14;869;50.298220;50.274151;51.907936;
120500;3;1.257000;345650;122523;948;15;947;50.316954;50.284246;52.530936;
130500;3;1.417000;375524;132630;1027;17;1026;50.236330;50.243834;49.753941;
140500;3;1.383000;406164;142992;1107;18;1106;50.258403;50.254894;50.486342;
150500;3;1.344000;436038;153095;1185;19;1184;50.275999;50.264237;51.049876;
160500;3;1.465000;465943;163210;1264;20;1263;50.255928;50.235784;51.595530;
170500;3;1.569000;495817;173313;1342;21;1341;50.271453;50.245040;52.047253;
180500;3;1.621000;525691;183418;1420;23;1419;50.249800;50.253164;50.035800;
190500;3;1.711000;556331;193782;1501;24;1500;50.232699;50.227130;50.599116;
200500;3;1.781000;586205;203885;1579;25;1578;50.246988;50.235325;51.017069;
210500;3;1.881000;616079;213988;1657;26;1656;50.259931;50.242744;51.401582;
220500;3;1.979000;646149;224160;1736;28;1735;50.229257;50.235347;49.839613;
230500;3;2.073000;676023;234263;1814;29;1813;50.241835;50.242123;50.224980;
240500;3;2.137000;705897;244368;1893;30;1892;50.227644;50.221796;50.610924;
250500;3;2.234000;736537;254730;1973;31;1972;50.240226;50.228736;50.997388;
260500;3;2.338000;766411;264835;2051;33;2050;50.226439;50.234981;49.680130;
270500;3;2.432000;796285;274940;2130;34;2129;50.214398;50.217180;50.035804;
280500;3;2.573000;826159;285043;2208;35;2207;50.225256;50.223389;50.347394;
290500;3;2.642000;856394;295267;2287;36;2286;50.234335;50.227775;50.663679;
300500;3;2.690000;886268;305372;2366;37;2365;50.223225;50.211991;50.962392;
310500;3;2.773000;916142;315477;2444;39;2443;50.212203;50.217765;49.854968;
320500;3;2.854000;946782;325839;2524;40;2523;50.222527;50.223319;50.171628;
330500;3;2.974000;976656;335942;2602;41;2601;50.231589;50.228403;50.433084;
340500;3;3.097000;1006530;346047;2681;42;2680;50.222091;50.214659;50.700993;
350500;3;3.171000;1036404;356152;2759;44;2758;50.212577;50.219917;49.734494;
360500;3;3.246000;1066278;366255;2837;45;2836;50.221288;50.224891;49.982117;
370500;3;3.317000;1096678;376537;2917;46;2916;50.219504;50.218873;50.253727;
380500;3;3.443000;1126552;386640;2995;47;2994;50.227582;50.223612;50.479291;
390500;3;3.560000;1156426;396747;3074;49;3073;50.203070;50.211771;49.639109;
400500;3;3.847000;1187066;407109;3154;50;3153;50.211755;50.216565;49.895548;
410500;3;3.710000;1216940;417212;3232;51;3231;50.219417;50.221008;50.110234;
420500;3;3.816000;1246814;427317;3311;52;3310;50.212020;50.210076;50.331940;
430500;3;3.868000;1276688;437420;3389;53;3388;50.219331;50.214467;50.529973;
440500;3;3.985000;1307328;447784;3469;55;3468;50.212372;50.218759;49.795849;
450500;3;4.053000;1337202;457889;3548;56;3547;50.205627;50.208608;50.007147;
460500;3;4.162000;1367001;467965;3625;57;3624;50.223334;50.223866;50.182774;
470500;3;4.252000;1396875;478068;3703;58;3702;50.229783;50.227594;50.366057;
480500;3;4.319000;1426749;488175;3782;60;3781;50.209809;50.217882;49.686358;
490500;3;4.437000;1457389;498537;3862;61;3861;50.216762;50.221671;49.894995;
500500;3;4.510000;1487263;508640;3940;62;3939;50.222956;50.225218;50.070973;
510500;3;4.578000;1517137;518743;4018;63;4017;50.228902;50.228624;50.241278;
520500;3;4.727000;1547011;528850;4097;65;4096;50.210485;50.219642;49.618580;
530500;3;4.819000;1577651;539212;4177;66;4176;50.216901;50.223112;49.812211;
540500;3;4.979000;1607525;549315;4255;67;4254;50.222634;50.226370;49.976115;
550500;3;4.966000;1637399;559420;4334;68;4333;50.216925;50.217921;50.146874;
560500;3;5.068000;1667364;569552;4412;69;4411;50.225007;50.223751;50.301036;
570500;3;5.177000;1697238;579659;4491;71;4490;50.208274;50.215643;49.730005;
580500;3;5.248000;1727878;590021;4571;72;4570;50.214176;50.218883;49.905703;
590500;3;5.328000;1757752;600124;4649;73;4648;50.219465;50.221933;50.054647;
600500;3;5.403000;1787626;610227;4727;74;4726;50.224580;50.224885;50.199513;
610500;3;5.518000;1817500;620334;4806;76;4805;50.208951;50.217290;49.669258;
620500;3;5.606000;1847374;630437;4884;77;4883;50.214069;50.220218;49.813473;
630500;3;5.686000;1878014;640799;4964;78;4963;50.219410;50.223128;49.974397;
640500;3;5.777000;1907888;650904;5043;79;5042;50.214555;50.215918;50.121100;
650500;3;5.951000;1937762;661009;5121;81;5120;50.209545;50.218735;49.616104;
660500;3;6.012000;1967636;671112;5199;82;5198;50.214175;50.221464;49.752074;
670500;3;6.264000;1997766;681301;5278;83;5277;50.215573;50.220722;49.894332;
680500;3;6.266000;2027640;691406;5357;84;5356;50.210828;50.213739;50.033162;
690500;3;6.422000;2058280;701768;5437;85;5436;50.215524;50.216261;50.178060;
700500;3;6.507000;2088154;711873;5515;87;5514;50.210643;50.218654;49.706974;
710500;3;6.565000;2118028;721978;5594;88;5593;50.206170;50.211996;49.841578;
720500;3;6.662000;2147902;732081;5672;89;5671;50.210395;50.214375;49.964178;
730500;3;6.767000;2177776;742184;5750;90;5749;50.214511;50.216690;50.084017;
740500;3;6.846000;2208416;752548;5830;92;5829;50.210226;50.219002;49.658187;
750500;3;6.907000;2238290;762653;5909;93;5908;50.205997;50.212695;49.786005;
760500;3;6.975000;2268164;772756;5987;94;5986;50.210002;50.214940;49.902612;
770500;3;7.083000;2298038;782859;6065;95;6064;50.213915;50.217132;50.016731;
780500;3;7.203000;2328678;793225;6146;97;6145;50.201933;50.211143;49.622686;
790500;3;7.227000;2358207;803211;6223;98;6222;50.206468;50.214090;49.728047;
800500;3;7.297000;2388081;813314;6301;99;6300;50.210277;50.216211;49.839291;
810500;3;7.423000;2418721;823678;6382;100;6381;50.206652;50.210455;49.972148;
820500;3;7.484000;2448595;833781;6460;101;6459;50.210361;50.212563;50.078730;
830500;3;7.660000;2478469;843886;6538;103;6537;50.206302;50.214625;49.683488;
840500;3;7.709000;2508343;853991;6617;104;6616;50.202572;50.209045;49.797411;
850500;3;7.825000;2538217;864094;6695;105;6694;50.206198;50.211095;49.901569;
860500;3;7.857000;2568857;874456;6775;106;6774;50.210020;50.213150;50.018745;
870500;3;7.981000;2598731;884563;6854;108;6853;50.199051;50.207780;49.650450;
880500;3;8.097000;2628605;894666;6932;109;6931;50.202588;50.209774;49.752116;
890500;3;8.147000;2658479;904769;7010;110;7009;50.206051;50.211724;49.851912;
900500;3;8.280000;2689119;915133;7091;111;7090;50.202841;50.206600;49.971369;
910500;3;8.439000;2718993;925238;7169;113;7168;50.199221;50.208541;49.613334;
920500;3;8.516000;2748687;935279;7246;114;7245;50.206100;50.214101;49.703860;
930500;3;8.585000;2778561;945382;7324;115;7323;50.209377;50.215921;49.799702;
940500;3;8.946000;2809201;955746;7405;116;7404;50.206267;50.210968;49.914423;
950500;3;8.834000;2839075;965849;7483;117;7482;50.209472;50.212782;50.006798;
960500;3;8.851000;2868949;975954;7561;119;7560;50.205972;50.214563;49.666367;
970500;3;8.953000;2898823;986059;7640;120;7639;50.202744;50.209731;49.765116;
980500;3;9.147000;2929463;996421;7720;121;7719;50.206130;50.211545;49.868783;
990500;3;9.177000;2959337;1006524;7798;122;7797;50.209212;50.213284;49.957717;
1000500;3;9.917000;2989211;1016631;7877;124;7876;50.199672;50.208610;49.638327;
1010500;3;9.623000;3019085;1026734;7955;125;7954;50.202752;50.210339;49.726968;
1020500;3;9.388000;3048959;1036837;8033;126;8032;50.205772;50.212036;49.814191;
1030500;3;9.581000;3079599;1047201;8114;127;8113;50.202970;50.207554;49.918783;
1040500;3;9.650000;3109473;1057304;8192;128;8191;50.205929;50.209244;50.003122;
1050500;4;9.742000;3141083;1067411;8270;132;8269;50.202710;50.210902;49.696483;
1060500;4;9.856000;3180882;1077509;8348;133;8347;50.205480;50.212296;49.785278;
1070500;4;9.918000;3220701;1087614;8427;134;8426;50.202650;50.207937;49.878657;
1080500;4;10.029000;3261541;1097976;8507;135;8506;50.205817;50.209603;49.976522;
1090500;4;10.135000;3301360;1108081;8585;137;8584;50.202948;50.211197;49.693173;
1100500;4;10.329000;3341179;1118186;8664;138;8663;50.200219;50.206966;49.784500;
1110500;4;10.284000;3380998;1128289;8742;139;8741;50.203104;50.208555;49.868794;
1120500;4;10.501000;3421838;1138651;8822;140;8821;50.206154;50.210156;49.963210;
1130500;4;10.701000;3461657;1148758;8901;142;8900;50.197917;50.206048;49.695683;
1140500;4;10.861000;3501476;1158861;8979;143;8978;50.200749;50.207606;49.778231;
1150500;4;10.875000;3541295;1168964;9057;144;9056;50.203529;50.209134;49.859621;
1160500;4;10.953000;3581114;1179067;9135;145;9134;50.206262;50.210636;49.939887;
1170500;4;11.062000;3621954;1189431;9216;146;9215;50.203874;50.206702;50.035335;
1180500;4;11.214000;3661773;1199536;9294;148;9293;50.201240;50.208199;49.772388;
1190500;4;11.544000;3701592;1209639;9372;149;9371;50.203923;50.209670;49.851068;
1200500;4;11.702000;3741411;1219744;9451;150;9450;50.201413;50.205805;49.933980;
1210500;4;11.671000;3781431;1229895;9529;151;9528;50.206013;50.209266;50.010540;
1220500;4;11.628000;3822271;1240261;9610;153;9609;50.198579;50.205502;49.772111;
1230500;4;11.988000;3862090;1250364;9688;154;9687;50.201199;50.206951;49.848221;
1240500;4;11.949000;3901909;1260467;9766;155;9765;50.203774;50.208373;49.923346;
1250500;4;12.060000;3941728;1270572;9845;156;9844;50.201366;50.204672;50.002583;
1260500;4;12.218000;3981547;1280677;9923;158;9922;50.198918;50.206090;49.756802;
1270500;4;12.197000;4022387;1291039;10003;159;10002;50.201641;50.207522;49.840570;
1280500;4;12.285000;4062206;1301144;10082;160;10081;50.199306;50.203915;49.918334;
1290500;4;12.471000;4102025;1311247;10160;161;10159;50.201796;50.205306;49.990204;
1300500;4;12.772000;4141844;1321350;10238;162;10237;50.204253;50.206678;50.061181;
1310500;4;12.780000;4181663;1331455;10316;164;10315;50.201874;50.208026;49.823727;
1320500;4;12.937000;4222503;1341819;10397;165;10396;50.199792;50.204557;49.908825;
1330500;4;12.999000;4262322;1351922;10475;166;10474;50.202209;50.205907;49.978575;
1340500;4;13.233000;4302141;1362025;10553;167;10552;50.204584;50.207228;50.047481;
1350500;4;13.320000;4341960;1372132;10632;169;10631;50.197708;50.203813;49.821946;
1360500;4;13.453000;4382800;1382494;10712;170;10711;50.200263;50.205167;49.899876;
1370500;4;13.586000;4422019;1392444;10789;171;10788;50.201672;50.205591;49.963000;
1380500;4;13.943000;4462859;1402806;10869;172;10868;50.204155;50.206913;50.039194;
1390500;4;14.419000;4502678;1412913;10948;174;10947;50.197481;50.203593;49.820267;
1400500;4;14.805000;4542497;1423016;11026;175;11025;50.199788;50.204879;49.886921;
1410500;4;15.693000;4582316;1433119;11104;176;11103;50.202074;50.206148;49.952807;
1420500;4;14.628000;4622135;1443224;11183;177;11182;50.199963;50.202903;50.022422;
1430500;4;14.738000;4662975;1453586;11263;178;11262;50.202377;50.204197;50.095703;
1440500;4;14.894000;4702794;1463691;11341;180;11340;50.200233;50.205444;49.879086;
1450500;4;15.195000;4742613;1473796;11420;181;11419;50.198184;50.202271;49.947564;
1460500;4;15.252000;4782432;1483899;11498;182;11497;50.200397;50.203514;50.010931;
1470500;4;16.118000;4822251;1494002;11576;183;11575;50.202575;50.204734;50.073607;
1480500;4;16.082000;4863091;1504368;11657;185;11656;50.196478;50.201665;49.875961;
1490500;4;15.869000;4902910;1514471;11735;186;11734;50.198658;50.202887;49.938345;
1500500;4;16.534000;4942729;1524574;11813;187;11812;50.200803;50.204087;50.000058;
1510500;4;15.667000;4982548;1534677;11891;188;11890;50.202926;50.205276;50.061116;
1520500;4;15.776000;5023388;1545043;11972;190;11971;50.196987;50.202284;49.868825;
1530500;4;15.591000;5063207;1555146;12050;191;12049;50.199106;50.203470;49.929610;
1540500;4;15.598000;5102646;1565152;12127;192;12126;50.202153;50.205677;49.985633;
1550500;4;15.860000;5143486;1575516;12208;193;12207;50.200383;50.202741;50.057475;
1560500;4;16.019000;5183305;1585619;12286;194;12285;50.202445;50.203901;50.116332;
1570500;4;16.194000;5223124;1595726;12364;197;12363;50.196417;50.205046;49.658587;
1580500;4;16.334000;5262943;1605831;12443;198;12442;50.194561;50.202137;49.722275;
1590500;4;16.709000;5302762;1615934;12521;199;12520;50.196610;50.203278;49.781344;
1600500;4;16.723000;5343602;1626296;12601;200;12600;50.198794;50.204433;49.847730;
1610500;4;17.137000;5383421;1636403;12680;202;12679;50.193056;50.201582;49.661211;
1620500;4;16.828000;5423240;1646506;12758;203;12757;50.195086;50.202706;49.719407;
1630500;4;16.666000;5463059;1656609;12836;204;12835;50.197077;50.203812;49.777036;
1640500;4;17.166000;5503899;1666971;12916;205;12915;50.199204;50.204935;49.841816;
1650500;4;17.138000;5543718;1677078;12995;207;12994;50.193607;50.202155;49.659881;
1660500;4;17.169000;5583537;1687181;13073;208;13072;50.195581;50.203243;49.716679;
1670500;4;17.360000;5623356;1697284;13151;209;13150;50.197526;50.204324;49.772935;
1680500;4;17.423000;5663175;1707389;13230;210;13229;50.195778;50.201597;49.832419;
1690500;4;17.661000;5704015;1717751;13310;211;13309;50.197850;50.202700;49.895080;
1700500;4;18.149000;5743834;1727856;13388;213;13387;50.196057;50.203760;49.714079;
1710500;4;17.863000;5783653;1737961;13467;214;13466;50.194344;50.201084;49.772722;
1720500;4;17.938000;5823312;1748022;13544;215;13543;50.198689;50.204685;49.823461;
1730500;4;17.988000;5864152;1758384;13624;216;13623;50.200692;50.205744;49.884711;
1740500;4;18.139000;5903971;1768491;13703;218;13702;50.195375;50.203099;49.711599;
1750500;4;18.366000;5943790;1778594;13781;219;13780;50.197233;50.204131;49.765298;
1760500;4;18.413000;5983609;1788697;13859;220;13858;50.199078;50.205151;49.818502;
1770500;4;18.614000;6023428;1798802;13938;221;13937;50.197406;50.202553;49.874805;
1780500;4;18.544000;6064268;1809166;14018;223;14017;50.195835;50.203595;49.709231;
1790500;4;18.880000;6104087;1819269;14096;224;14095;50.197648;50.204601;49.761736;
1800500;4;18.893000;6143906;1829372;14174;225;14173;50.199446;50.205592;49.813773;
1810500;4;19.456000;6183725;1839477;14253;226;14252;50.197813;50.203054;49.868841;
1820500;4;19.296000;6224565;1849839;14333;227;14332;50.199718;50.204070;49.926909;
1830500;4;19.857000;6264384;1859944;14411;229;14410;50.198041;50.205047;49.758331;
1840500;4;20.198000;6304203;1870049;14490;230;14489;50.196443;50.202553;49.812683;
1850500;4;19.962000;6344022;1880152;14568;231;14567;50.198202;50.203533;49.863137;
1860500;4;19.775000;6383841;1890255;14646;232;14645;50.199931;50.204497;49.913158;
1870500;4;20.126000;6424681;1900621;14727;234;14726;50.195120;50.202069;49.758450;
1880500;4;20.213000;6464500;1910724;14805;235;14804;50.196855;50.203035;49.808277;
1890500;4;20.264000;6504319;1920827;14883;236;14882;50.198571;50.203987;49.857675;
1900500;4;20.385000;6544138;1930932;14962;237;14961;50.197016;50.201577;49.909995;
1910500;4;20.561000;6584018;1941050;15040;238;15039;50.199098;50.202921;49.958548;
1920500;4;21.358000;6624858;1951414;15120;240;15119;50.197632;50.203886;49.804054;
1930500;4;20.962000;6664677;1961519;15199;241;15198;50.196110;50.201514;49.855721;
1940500;4;21.111000;6704496;1971622;15277;242;15276;50.197782;50.202449;49.903697;
1950500;4;21.366000;6744315;1981725;15355;243;15354;50.199441;50.203378;49.951277;
1960500;4;21.871000;6785155;1992091;15436;245;15435;50.194854;50.201068;49.803231;
1970500;4;22.281000;6824974;2002194;15514;246;15513;50.196507;50.201991;49.850638;
1980500;4;21.862000;6864793;2012297;15592;247;15591;50.198147;50.202909;49.897655;
1990500;4;21.718000;6904612;2022400;15670;248;15669;50.199771;50.203817;49.944292;
2000500;4;21.909000;6944431;2032507;15749;250;15748;50.195149;50.201525;49.792953;
2010500;4;22.635000;6985271;2042869;15829;251;15828;50.196891;50.202453;49.845750;
2020500;4;21.964000;7025090;2052972;15907;252;15906;50.198497;50.203350;49.891854;
2030500;4;22.462000;7064909;2063077;15986;253;15985;50.197042;50.201094;49.940716;
2040500;4;23.479000;7104728;2073180;16064;254;16063;50.198627;50.201989;49.986077;
2050500;4;22.484000;7144547;2083285;16142;256;16141;50.197144;50.202875;49.834884;
2060500;4;22.866000;7185387;2093649;16223;257;16222;50.195829;50.200676;49.889355;
2070500;4;23.330000;7225206;2103752;16301;258;16300;50.197405;50.201560;49.934209;
2080500;4;22.830000;7265025;2113855;16379;259;16378;50.198958;50.202435;49.978724;
2090500;4;22.965000;7304844;2123964;16458;262;16457;50.191492;50.200248;49.639570;
2100500;4;23.223000;7345684;2134326;16538;263;16537;50.193177;50.201143;49.690534;
2110500;4;22.963000;7384763;2144242;16615;264;16614;50.193325;50.200628;49.732132;
2120500;4;25.448000;7425603;2154603;16695;265;16694;50.194967;50.201490;49.782356;
2130500;4;24.328000;7465422;2164708;16773;267;16772;50.193549;50.202342;49.638947;
2140500;4;24.980000;7505241;2174813;16852;268;16851;50.192195;50.200210;49.686011;
2150500;4;23.780000;7545060;2184916;16930;269;16929;50.193718;50.201060;49.729784;
2160500;4;23.791000;7585900;2195278;17010;270;17009;50.195349;50.201925;49.779090;
2170500;4;23.858000;7625719;2205385;17089;272;17088;50.191111;50.199825;49.641252;
2180500;4;24.243000;7665538;2215488;17167;273;17166;50.192625;50.200665;49.684545;
2190500;4;24.115000;7705357;2225591;17245;274;17244;50.194122;50.201500;49.727528;
2200500;4;24.288000;7745176;2235694;17323;275;17322;50.195609;50.202329;49.770191;
2210500;4;24.539000;7786016;2246058;17404;276;17403;50.194397;50.200281;49.821133;
2220500;4;25.283000;7825835;2256163;17482;278;17481;50.193043;50.201107;49.683139;
2230500;4;25.054000;7865654;2266266;17560;279;17559;50.194511;50.201926;49.725347;
2240500;4;24.982000;7905473;2276371;17639;280;17638;50.193210;50.199887;49.770081;
2250500;4;25.463000;7946313;2286733;17719;281;17718;50.194778;50.200724;49.817299;
2260500;4;25.053000;7986132;2296838;17797;283;17796;50.193446;50.201533;49.681776;
2270500;4;25.149000;8025951;2306943;17876;284;17875;50.192164;50.199524;49.726031;
2280500;4;25.144000;8065770;2317046;17954;285;17953;50.193607;50.200331;49.767196;
2290500;4;25.337000;8105589;2327149;18032;286;18031;50.195037;50.201132;49.808073;
2300500;4;25.435000;8146429;2337515;18113;288;18112;50.191145;50.199170;49.683209;
2310500;4;25.681000;8186248;2347618;18191;289;18190;50.192573;50.199968;49.723952;
2320500;4;26.029000;8226067;2357721;18269;290;18268;50.193990;50.200760;49.764419;
2330500;4;25.919000;8266387;2367951;18348;291;18347;50.195394;50.201500;49.807314;
2340500;4;26.487000;8306206;2378056;18427;292;18426;50.194141;50.199551;49.849918;
2350500;4;26.284000;8346025;2388161;18505;294;18504;50.192863;50.200334;49.719263;
2360500;4;26.701000;8385844;2398264;18583;295;18582;50.194251;50.201108;49.759051;
2370500;4;26.708000;8426684;2408628;18664;296;18663;50.193131;50.199207;49.806578;
2380500;4;26.751000;8466503;2418731;18742;297;18741;50.194506;50.199982;49.845805;
2390500;4;26.357000;8506322;2428836;18820;299;18819;50.193247;50.200751;49.717367;
2400500;4;26.948000;8546141;2438941;18899;300;18898;50.192038;50.198853;49.759135;
2410500;4;26.713000;8585960;2449044;18977;301;18976;50.193404;50.199620;49.797995;
2420500;4;27.137000;8626800;2459406;19057;302;19056;50.194858;50.200399;49.841829;
2430500;4;27.148000;8666619;2469511;19136;303;19135;50.193657;50.198526;49.882764;
2440500;4;27.084000;8706438;2479616;19214;305;19213;50.192428;50.199285;49.756621;
2450500;4;27.269000;8746257;2489719;19292;306;19291;50.193767;50.200034;49.794851;
2460500;4;27.734000;8787097;2500083;19373;307;19372;50.192686;50.198208;49.840555;
2470500;4;27.564000;8826916;2510186;19451;308;19450;50.194016;50.198958;49.878267;
2480500;4;27.504000;8866735;2520291;19529;310;19528;50.192802;50.199700;49.754194;
2490500;4;28.009000;8906554;2530394;19607;311;19606;50.194121;50.200439;49.791816;
2500500;4;28.056000;8946373;2540499;19686;312;19685;50.192957;50.198621;49.831727;
2510500;4;28.129000;8987213;2550861;19766;313;19765;50.194364;50.199376;49.873908;
2520500;4;28.888000;9027032;2560966;19844;315;19843;50.193168;50.200105;49.751838;
2530500;4;28.867000;9066851;2571071;19923;316;19922;50.192024;50.198310;49.791372;
2540500;4;28.372000;9106670;2581174;20001;317;20000;50.193314;50.199037;49.828165;
2550500;4;29.295000;9147210;2591461;20081;318;20080;50.193245;50.198303;49.869692;
2560500;4;28.473000;9187029;2601564;20159;319;20158;50.194523;50.199027;49.906004;
2570500;4;28.685000;9226848;2611669;20237;321;20236;50.193353;50.199742;49.786023;
2580500;4;28.891000;9266667;2621774;20316;322;20315;50.192228;50.197984;49.824709;
2590500;4;28.930000;9307507;2632136;20396;323;20395;50.193594;50.198718;49.865601;
2600500;4;29.415000;9347326;2642239;20474;324;20473;50.194848;50.199427;49.901367;
2610500;4;29.713000;9387145;2652348;20553;327;20552;50.188889;50.197690;49.630551;
2620500;4;29.446000;9426964;2662451;20631;328;20630;50.190351;50.198397;49.666595;
2630500;4;30.018000;9467804;2672813;20711;329;20710;50.191935;50.199118;49.707225;
2640500;4;29.565000;9507623;2682916;20789;330;20788;50.193413;50.199817;49.742817;
2650500;4;29.607000;9547442;2693023;20868;332;20867;50.190180;50.198105;49.630187;
2660500;4;29.967000;9587261;2703126;20946;333;20945;50.191653;50.198970;49.665686;
2670500;4;29.879000;9627080;2713229;21024;334;21023;50.193110;50.199891;49.700972;
2680500;4;29.971000;9667920;2723593;21105;335;21104;50.192366;50.198454;49.743129;
2690500;4;30.188000;9707739;2733696;21183;336;21182;50.193809;50.199370;49.777973;
2700500;4;30.518000;9747558;2743801;21261;338;21260;50.192923;50.200279;49.664793;
2710500;4;30.398000;9787377;2753906;21340;339;21339;50.192078;50.198834;49.701894;
2720500;4;31.136000;9827196;2764009;21418;340;21417;50.193507;50.199739;49.736449;
2730500;4;30.914000;9868036;2774371;21498;341;21497;50.195033;50.200664;49.775431;
2740500;4;30.937000;9907855;2784478;21577;343;21576;50.191905;50.199234;49.666233;
2750500;4;30.923000;9947674;2794581;21655;344;21654;50.193319;50.200127;49.700483;
2760500;4;30.990000;9987493;2804684;21733;345;21732;50.194728;50.201013;49.734545;
2770500;4;31.043000;10028333;2815046;21813;346;21812;50.196221;50.201921;49.772968;
2780500;4;31.258000;10068072;2825133;21892;348;21891;50.192775;50.200142;49.665351;
2790500;4;31.340000;10107891;2835236;21970;349;21969;50.194171;50.201024;49.699118;
2800500;4;31.386000;10147710;2845339;22048;350;22047;50.195551;50.201895;49.732690;
2810500;4;31.584000;10187529;2855444;22127;351;22126;50.194738;50.200496;49.768320;
2820500;4;31.848000;10228369;2865806;22207;352;22206;50.196200;50.201384;49.806001;
2830500;4;32.141000;10268188;2875911;22285;354;22284;50.195346;50.202249;49.697791;
2840500;4;32.360000;10308007;2886014;22363;355;22362;50.196708;50.203103;49.730894;
2850500;4;32.243000;10347826;2896119;22442;356;22441;50.195892;50.201720;49.766032;
2860500;4;32.259000;10388666;2906481;22522;357;22521;50.197329;50.202591;49.803179;
2870500;4;32.496000;10428485;2916586;22600;359;22599;50.196484;50.203435;49.696507;
2880500;4;32.593000;10468304;2926691;22679;360;22678;50.195682;50.202065;49.731345;
2890500;4;35.357000;10508123;2936794;22757;361;22756;50.197020;50.202905;49.763802;
2900500;4;33.844000;10547942;2946897;22835;362;22834;50.198348;50.203744;49.796080;
2910500;4;32.851000;10588782;2957263;22916;364;22915;50.195477;50.202408;49.697416;
2920500;4;33.813000;10628601;2967366;22994;365;22993;50.196801;50.203238;49.729616;
2930500;4;33.693000;10668420;2977469;23072;366;23071;50.198111;50.204062;49.761633;
2940500;4;33.371000;10708239;2987574;23151;367;23150;50.197320;50.202718;49.795626;
2950500;4;33.682000;10748058;2997677;23229;368;23228;50.198625;50.203539;49.827295;
2960500;4;33.776000;10788898;3008041;23309;370;23308;50.197889;50.204379;49.727928;
2970500;4;34.002000;10828717;3018146;23388;371;23387;50.197107;50.203048;49.761650;
2980500;4;34.401000;10868536;3028249;23466;372;23465;50.198394;50.203859;49.793069;
2990500;4;33.976000;10908355;3038352;23544;373;23543;50.199678;50.204665;49.824313;
3000500;4;34.233000;10949195;3048716;23624;375;23623;50.198949;50.205490;49.726296;
3010500;4;34.903000;10989014;3058821;23703;376;23702;50.198168;50.204167;49.759568;
3020500;4;34.356000;11028974;3068958;23781;377;23780;50.199999;50.205532;49.790569;
3030500;4;34.768000;11068793;3079063;23860;378;23859;50.199220;50.204223;49.823493;
3040500;4;35.365000;11108612;3089168;23938;380;23937;50.198416;50.205014;49.722625;
3050500;4;35.128000;11149452;3099530;24018;381;24017;50.199760;50.205825;49.757540;
3060500;4;35.370000;11189271;3109635;24097;382;24096;50.198995;50.204528;49.790206;
3070500;4;35.362000;11229090;3119738;24175;383;24174;50.200243;50.205310;49.820640;
3080500;4;35.496000;11268909;3129841;24253;384;24252;50.201479;50.206088;49.850920;
3090500;4;35.705000;11308728;3139946;24331;386;24330;50.200685;50.206866;49.751476;
3100500;4;36.414000;11349568;3150310;24412;387;24411;50.200001;50.205596;49.787818;
3110500;4;36.825000;11389387;3160413;24490;388;24489;50.201230;50.206370;49.817865;
3120500;4;36.885000;11429206;3170516;24568;389;24567;50.202451;50.207134;49.847757;
3130500;4;37.707000;11469025;3180625;24647;392;24646;50.197650;50.205862;49.622368;
3140500;4;36.276000;11508844;3190728;24725;393;24724;50.198869;50.206623;49.652458;
3150500;4;36.368000;11549684;3201090;24805;394;24804;50.200175;50.207403;49.686397;
3160500;4;36.762000;11589503;3211195;24884;395;24883;50.199422;50.206136;49.718165;
3170500;4;36.692000;11629322;3221300;24962;397;24961;50.198655;50.206894;49.622154;
3180500;4;37.143000;11669141;3231403;25040;398;25039;50.199861;50.207643;49.651862;
3190500;4;37.366000;11709981;3241767;25121;399;25120;50.199205;50.206411;49.687358;
3200500;4;36.927000;11749800;3251870;25199;400;25198;50.200401;50.207156;49.716753;
3210500;4;37.665000;11789619;3261973;25277;401;25276;50.201591;50.207901;49.746006;
3220500;4;37.573000;11829438;3272078;25355;403;25354;50.200819;50.208637;49.651285;
3230500;4;38.167000;11869257;3282183;25434;404;25433;50.200096;50.207400;49.682431;
3240500;4;38.220000;11910097;3292545;25514;405;25513;50.201347;50.208150;49.715380;
3250500;4;39.949000;11949916;3302648;25592;406;25591;50.202519;50.208879;49.744271;
3260500;4;39.471000;11989735;3312755;25671;408;25670;50.199867;50.207652;49.652656;
3270500;4;38.809000;12029915;3322950;25750;409;25749;50.200503;50.207811;49.683421;
3280500;4;39.372000;12069734;3333053;25828;410;25827;50.201676;50.208538;49.712107;
3290500;4;39.453000;12109553;3343156;25906;411;25905;50.202828;50.209257;49.740654;
3300500;4;39.054000;12150393;3353522;25987;413;25986;50.200282;50.208061;49.653998;
3310500;4;39.003000;12190212;3363625;26065;414;26064;50.201436;50.208776;49.682478;
3320500;4;39.137000;12230031;3373728;26143;415;26142;50.202583;50.209492;49.710820;
3330500;4;39.479000;12269850;3383833;26222;416;26221;50.201867;50.208284;49.740921;
3340500;4;39.497000;12309669;3393936;26300;417;26299;50.203010;50.208997;49.768987;
3350500;4;41.698000;12350509;3404300;26380;419;26379;50.202338;50.209719;49.681557;
3360500;4;39.891000;12390328;3414405;26459;420;26458;50.201638;50.208525;49.711441;
3370500;4;40.002000;12430147;3424508;26537;421;26536;50.202763;50.209227;49.739314;
3380500;4;40.707000;12469966;3434611;26615;422;26614;50.203886;50.209929;49.767049;
3390500;4;42.158000;12509785;3444716;26693;424;26692;50.203150;50.210622;49.676931;
3400500;4;42.329000;12550625;3455080;26774;425;26773;50.202524;50.209457;49.710196;
3410500;4;39.795000;12590444;3465183;26852;426;26851;50.203638;50.210147;49.737739;
3420500;4;40.024000;12630263;3475286;26930;427;26929;50.204745;50.210834;49.765153;
3430500;4;40.252000;12670082;3485393;27009;429;27008;50.202213;50.209662;49.677940;
3440500;4;40.149000;12710922;3495755;27089;430;27088;50.203399;50.210367;49.708971;
3450500;4;40.245000;12750741;3505858;27167;431;27166;50.204492;50.211046;49.736196;
3460500;4;40.249000;12790560;3515963;27246;432;27245;50.203802;50.209884;49.765127;
3470500;4;40.357000;12830379;3526066;27324;433;27323;50.204888;50.210561;49.792096;
3480500;4;40.953000;12870198;3536171;27402;435;27401;50.204169;50.211235;49.704151;
3490500;4;41.232000;12911038;3546535;27483;436;27482;50.203556;50.210098;49.736503;
3500500;4;40.853000;12950857;3556638;27561;437;27560;50.204642;50.210773;49.763296;
3510500;4;41.011000;12990676;3566741;27639;438;27638;50.205714;50.211440;49.789961;
3520500;4;41.740000;13030495;3576846;27717;440;27716;50.205001;50.212104;49.703027;
3530500;4;42.026000;13070895;3587098;27797;441;27796;50.204603;50.211219;49.733230;
3540500;4;42.088000;13110714;3597201;27875;442;27874;50.205666;50.211879;49.759721;
3550500;4;42.243000;13150533;3607306;27954;443;27953;50.204989;50.210744;49.787874;
3560500;4;42.106000;13191373;3617670;28034;445;28033;50.204355;50.211417;49.705478;
3570500;4;41.514000;13231192;3627773;28112;446;28111;50.205418;50.212076;49.731794;
3580500;4;42.264000;13271011;3637876;28190;447;28189;50.206471;50.212726;49.757992;
3590500;4;42.883000;13310830;3647981;28269;448;28268;50.205796;50.211601;49.785834;
3600500;4;45.366000;13350649;3658084;28347;449;28346;50.206841;50.212249;49.811794;
3610500;4;44.636000;13391489;3668448;28427;451;28426;50.206215;50.212914;49.730386;
3620500;4;43.640000;13431308;3678553;28506;452;28505;50.205546;50.211793;49.758046;
3630500;4;42.022000;13471127;3688656;28584;453;28583;50.206584;50.212440;49.783838;
3640500;4;42.350000;13510946;3698759;28662;454;28661;50.207616;50.213078;49.809521;
3650500;4;42.895000;13551786;3709127;28743;457;28742;50.203556;50.211986;49.619959;
3660500;4;42.781000;13591605;3719230;28821;458;28820;50.204586;50.212623;49.645775;
3670500;4;42.861000;13631424;3729333;28899;459;28898;50.205615;50.213256;49.671474;
3680500;4;42.996000;13671243;3739438;28978;460;28977;50.204963;50.212157;49.698776;
3690500;4;43.305000;13711062;3749541;29056;461;29055;50.205986;50.212792;49.724248;
3700500;4;43.253000;13751902;3759905;29136;463;29135;50.205377;50.213434;49.645334;
3710500;4;43.495000;13791721;3770008;29214;464;29213;50.206389;50.214058;49.670761;
3720500;4;43.745000;13831540;3780113;29293;465;29292;50.205742;50.212969;49.697771;
3730500;4;43.643000;13871359;3790216;29371;466;29370;50.206751;50.213591;49.722971;
3740500;4;43.772000;13911178;3800321;29449;468;29448;50.206077;50.214214;49.641537;
3750500;4;44.093000;13952018;3810685;29530;469;29529;50.205505;50.213148;49.671741;
3760500;4;44.276000;13991837;3820788;29608;470;29607;50.206503;50.213764;49.696787;
3770500;4;44.342000;14031656;3830891;29686;471;29685;50.207496;50.214377;49.721725;
3780500;4;44.568000;14071475;3840998;29765;473;29764;50.205196;50.213304;49.642822;
3790500;4;44.594000;14112315;3851360;29845;474;29844;50.206255;50.213930;49.671045;
3800500;4;47.508000;14151914;3861406;29922;475;29921;50.208157;50.215489;49.694163;
3810500;4;46.848000;14191733;3871511;30001;476;30000;50.207516;50.214418;49.720498;
3820500;4;46.330000;14231552;3881614;30079;477;30078;50.208497;50.215025;49.745072;
3830500;4;45.458000;14272392;3891978;30159;479;30158;50.207898;50.215640;49.668712;
3840500;4;45.056000;14312211;3902083;30238;480;30237;50.207267;50.214581;49.694880;
3850500;4;49.064000;14352030;3912186;30316;481;30315;50.208237;50.215179;49.719299;
3860500;4;47.774000;14391849;3922289;30394;482;30393;50.209206;50.215774;49.743617;
3870500;4;46.379000;14431668;3932396;30473;484;30472;50.206955;50.214723;49.666428;
3880500;4;46.712000;14472508;3942758;30553;485;30552;50.207990;50.215335;49.693957;
3890500;4;46.380000;14512327;3952861;30631;486;30630;50.208952;50.215925;49.718126;
3900500;4;46.493000;14552146;3962964;30709;487;30708;50.209905;50.216512;49.742196;
3910500;4;46.286000;14591965;3973071;30788;489;30787;50.207675;50.215470;49.665800;
3920500;4;46.370000;14632805;3983433;30868;490;30867;50.208697;50.216073;49.693052;
3930500;4;46.246000;14672624;3993536;30946;491;30945;50.209644;50.216656;49.716980;
3940500;4;47.230000;14712443;4003641;31025;492;31024;50.209029;50.215620;49.742410;
3950500;4;47.083000;14752262;4013744;31103;493;31102;50.209970;50.216201;49.766137;
3960500;4;47.510000;14792081;4023849;31181;495;31180;50.209325;50.216779;49.688975;
3970500;4;46.962000;14832921;4034213;31262;496;31261;50.208773;50.215765;49.717440;
3980500;4;48.121000;14872740;4044316;31340;497;31339;50.209708;50.216341;49.741030;
3990500;4;48.239000;14912559;4054419;31418;498;31417;50.210642;50.216918;49.764521;
4000500;4;47.812000;14952378;4064526;31497;500;31496;50.208464;50.215898;49.689719;
4010500;4;48.439000;14993218;4074888;31577;501;31576;50.209453;50.216483;49.716320;
4020500;4;47.562000;15033037;4084991;31655;502;31654;50.210385;50.217051;49.739673;
4030500;4;47.487000;15072856;4095094;31733;503;31732;50.211308;50.217620;49.762933;
4040500;4;47.554000;15112675;4105201;31812;505;31811;50.209142;50.216605;49.688883;
4050500;4;47.725000;15152494;4115304;31890;506;31889;50.210063;50.217172;49.712106;
4060500;4;47.971000;15193334;4125666;31970;507;31969;50.211040;50.217747;49.738351;
4070500;4;48.232000;15233153;4135771;32049;508;32048;50.210437;50.216742;49.762936;
4080500;4;48.872000;15272977;4145874;32127;509;32126;50.211349;50.217302;49.785875;
4090500;4;49.162000;15312796;4155979;32205;511;32204;50.210721;50.217862;49.711060;
4100500;4;49.663000;15352615;4166084;32284;512;32283;50.210120;50.216861;49.735510;
4110500;4;53.000000;15393455;4176446;32364;513;32363;50.211089;50.217433;49.761398;
4120500;4;50.725000;15433274;4186549;32442;514;32441;50.211986;50.217985;49.784117;
4130500;4;49.955000;15473093;4196656;32521;516;32520;50.209873;50.216994;49.711563;
4140500;4;50.294000;15512912;4206759;32599;517;32598;50.210769;50.217545;49.734250;
4150500;4;50.269000;15553752;4217121;32679;518;32678;50.211727;50.218110;49.759890;
4160500;4;50.686000;15593571;4227224;32757;519;32756;50.212618;50.218656;49.782392;
4170500;4;51.083000;15633390;4237333;32836;522;32835;50.208989;50.217673;49.613619;
4180500;4;50.448000;15673209;4247436;32914;523;32913;50.209879;50.218216;49.636229;
4190500;4;50.593000;15713028;4257539;32992;524;32991;50.210768;50.218758;49.658752;
4200500;4;50.446000;15753868;4267903;33073;525;33072;50.210246;50.217795;49.685700;
4210500;4;50.768000;15793687;4278006;33151;526;33150;50.211130;50.218338;49.708043;
4220500;4;51.174000;15833506;4288111;33229;528;33228;50.210522;50.218875;49.635933;
4230500;4;51.390000;15873325;4298216;33308;529;33307;50.209939;50.217906;49.659742;
4240500;4;51.411000;15913144;4308319;33386;530;33385;50.210817;50.218441;49.681966;
4250500;4;51.668000;15953984;4318681;33466;531;33465;50.211749;50.218987;49.707075;
4260500;4;51.503000;15993803;4328788;33545;533;33544;50.209698;50.218024;49.637130;
4270500;4;51.631000;16033622;4338891;33623;534;33622;50.210574;50.218559;49.659229;
4280500;4;52.151000;16073441;4348994;33701;535;33700;50.211439;50.219088;49.681249;
4290500;4;52.131000;16114281;4359358;33782;536;33781;50.210923;50.218145;49.707601;
4300500;4;52.266000;16154100;4369463;33860;538;33859;50.210327;50.218672;49.636835;
4310500;4;52.169000;16193919;4379566;33938;539;33937;50.211187;50.219198;49.658730;
4320500;4;53.633000;16233738;4389669;34016;540;34015;50.212050;50.219724;49.680543;
4330500;4;53.524000;16273557;4399774;34095;541;34094;50.211477;50.218771;49.703733;
4340500;4;55.354000;16314397;4410136;34175;542;34174;50.212391;50.219309;49.728299;
4350500;4;55.502000;16354216;4420241;34253;544;34252;50.211799;50.219827;49.658239;
4360500;4;53.275000;16394035;4430346;34332;545;34331;50.211231;50.218885;49.681303;
4370500;4;53.590000;16434075;4440503;34410;546;34409;50.212688;50.220023;49.702835;
4380500;4;54.362000;16473894;4450608;34489;547;34488;50.212127;50.219084;49.725729;
4390500;4;54.160000;16513713;4460713;34567;549;34566;50.211537;50.219599;49.656321;
4400500;4;53.627000;16554553;4471075;34647;550;34646;50.212442;50.220127;49.680612;
4410500;4;53.821000;16594372;4481180;34726;551;34725;50.211876;50.219191;49.703381;
4420500;4;54.628000;16634191;4491283;34804;552;34803;50.212714;50.219705;49.724638;
4430500;4;54.971000;16674010;4501388;34882;554;34881;50.212131;50.220214;49.655861;
4440500;4;54.572000;16714850;4511752;34963;555;34962;50.211635;50.219300;49.681355;
4450500;4;54.898000;16754669;4521855;35041;556;35040;50.212464;50.219807;49.702499;
4460500;4;54.959000;16794488;4531958;35119;557;35118;50.213297;50.220315;49.723566;
4470500;4;54.545000;16834307;4542061;35197;558;35196;50.214119;50.220818;49.744561;
4480500;4;55.489000;16874126;4552168;35276;560;35275;50.212163;50.219898;49.677857;
4490500;4;55.760000;16914966;4562530;35356;561;35355;50.213042;50.220412;49.701632;
4500500;4;55.040000;16954785;4572633;35434;562;35433;50.213860;50.220911;49.722517;
4510500;4;55.865000;16994604;4582738;35513;563;35512;50.213309;50.219997;49.744724;
4520500;4;55.735000;17034423;4592843;35591;565;35590;50.212737;50.220495;49.677215;
4530500;4;55.614000;17075263;4603205;35671;566;35670;50.213610;50.221006;49.700781;
4540500;4;57.376000;17115082;4613310;35750;567;35749;50.213064;50.220098;49.722870;
4550500;4;58.155000;17154901;4623413;35828;568;35827;50.213872;50.220592;49.743493;
4560500;4;57.739000;17194720;4633518;35906;570;35905;50.213304;50.221084;49.676588;
4570500;4;56.326000;17234539;4643623;35985;571;35984;50.212762;50.220182;49.698564;
4580500;4;56.328000;17275379;4653985;36065;572;36064;50.213625;50.220688;49.721842;
4590500;4;57.185000;17315198;4664088;36143;573;36142;50.214425;50.221177;49.742287;
4600500;4;57.945000;17355017;4674193;36222;574;36221;50.213884;50.220280;49.764037;
4610500;4;60.901000;17394836;4684298;36300;576;36299;50.213319;50.220768;49.697755;
4620500;4;58.513000;17434655;4694401;36378;577;36377;50.214121;50.221253;49.718099;
4630500;4;57.343000;17475495;4704763;36458;578;36457;50.214969;50.221752;49.741104;
4640500;4;56.735000;17515314;4714868;36537;579;36536;50.214428;50.220858;49.762665;
4650500;4;57.740000;17555133;4724973;36615;581;36614;50.213873;50.221344;49.696956;
4660500;4;60.164000;17594952;4735076;36693;582;36692;50.214660;50.221824;49.717133;
4670500;4;57.072000;17635212;4745293;36773;583;36772;50.213967;50.220756;49.739939;
4680500;4;56.994000;17675031;4755396;36851;584;36850;50.214755;50.221236;49.759967;
4690500;4;57.467000;17715871;4765762;36931;587;36930;50.212897;50.221728;49.611371;
4700500;4;57.984000;17755690;4775865;37009;588;37008;50.213680;50.222203;49.631482;
4710500;4;57.661000;17795509;4785970;37088;589;37087;50.213153;50.221325;49.652862;
4720500;4;58.466000;17835328;4796073;37166;590;37165;50.213935;50.221799;49.672833;
4730500;4;58.653000;17875147;4806176;37244;591;37243;50.214714;50.222274;49.692737;
4740500;4;57.656000;17915987;4816542;37325;593;37324;50.212916;50.221410;49.632588;
4750500;4;61.580000;17955806;4826645;37403;594;37402;50.213694;50.221884;49.652462;
4760500;4;57.950000;17995625;4836748;37481;595;37480;50.214468;50.222353;49.672270;
4770500;4;58.812000;18035444;4846853;37560;596;37559;50.213946;50.221486;49.693330;
4780500;4;59.138000;18075263;4856958;37638;598;37637;50.213401;50.221953;49.629724;
4790500;4;58.843000;18116103;4867320;37718;599;37717;50.214225;50.222434;49.652069;
4800500;4;58.687000;18155922;4877425;37797;600;37796;50.213704;50.221569;49.673026;
4810500;4;60.635000;18195741;4887528;37875;601;37874;50.214470;50.222036;49.692598;
4820500;4;58.441000;18235560;4897633;37953;603;37952;50.213931;50.222499;49.629526;
4830500;4;58.533000;18276400;4907995;38033;604;38032;50.214748;50.222974;49.651683;
4840500;4;58.496000;18316219;4918100;38112;605;38111;50.214230;50.222115;49.672464;
4850500;4;59.237000;18356038;4928203;38190;606;38189;50.214992;50.222578;49.691874;
4860500;4;60.125000;18395857;4938306;38268;607;38267;50.215745;50.223036;49.711224;
4870500;4;59.364000;18435676;4948413;38347;609;38346;50.213942;50.222185;49.650008;
4880500;4;59.231000;18476516;4958775;38427;610;38426;50.214747;50.222653;49.671913;
4890500;4;59.838000;18516335;4968878;38505;611;38504;50.215496;50.223107;49.691169;
4900500;4;59.776000;18556154;4978983;38584;612;38583;50.214989;50.222262;49.711647;
4910500;4;59.616000;18595973;4989088;38662;614;38661;50.214456;50.222715;49.649645;
4920500;4;60.063000;18635792;4999191;38740;615;38739;50.215207;50.223170;49.668809;
4930500;4;59.767000;18676632;5009555;38821;616;38820;50.214750;50.222341;49.691752;
4940500;4;59.918000;18716451;5019658;38899;617;38898;50.215491;50.222792;49.710785;
4950500;4;60.814000;18756270;5029763;38977;619;38976;50.214964;50.223241;49.649288;
4960500;4;61.058000;18796089;5039866;39055;620;39054;50.215705;50.223691;49.668300;
4970500;4;60.453000;18836929;5050230;39136;621;39135;50.215251;50.222867;49.691057;
4980500;4;60.410000;18876388;5060241;39213;622;39212;50.216335;50.223685;49.708670;
4990500;4;61.226000;18916207;5070346;39292;623;39291;50.215833;50.222854;49.728757;
5000500;4;60.863000;18957047;5080710;39372;625;39371;50.215359;50.223309;49.670316;
5010500;4;60.964000;18996866;5090813;39450;626;39449;50.216092;50.223752;49.689109;
5020500;4;61.438000;19036685;5100918;39529;627;39528;50.215590;50.222925;49.709106;
5030500;4;61.304000;19076504;5111021;39607;628;39606;50.216316;50.223366;49.727777;
5040500;4;61.815000;19116323;5121126;39685;630;39684;50.215800;50.223809;49.667298;
5050500;4;61.611000;19157163;5131490;39766;631;39765;50.215352;50.222998;49.689698;
5060500;4;61.787000;19196982;5141593;39844;632;39843;50.216081;50.223437;49.708282;
5070500;4;62.087000;19236801;5151696;39922;633;39921;50.216800;50.223874;49.726807;
5080500;4;62.788000;19276620;5161799;40000;634;39999;50.217520;50.224313;49.745276;
5090500;4;62.194000;19317460;5172165;40081;636;40080;50.215843;50.223507;49.689035;
5100500;4;62.609000;19357279;5182268;40159;637;40158;50.216558;50.223941;49.707473;
5110500;4;62.169000;19397098;5192371;40237;638;40236;50.217271;50.224374;49.725854;
5120500;4;62.309000;19436917;5202476;40316;639;40315;50.216783;50.223562;49.745411;
5130500;4;62.525000;19476736;5212581;40394;641;40393;50.216269;50.223994;49.685922;
5140500;4;62.745000;19517576;5222943;40474;642;40473;50.217035;50.224437;49.706678;
5150500;4;62.724000;19557395;5233048;40553;643;40552;50.216540;50.223627;49.726146;
5160500;4;63.651000;19597214;5243151;40631;644;40630;50.217249;50.224059;49.744326;
5170500;4;66.188000;19637033;5253256;40709;646;40708;50.216741;50.224487;49.685296;
5180500;4;63.852000;19676852;5263361;40788;647;40787;50.216257;50.223684;49.704676;
5190500;4;65.040000;19717692;5273723;40868;648;40867;50.217009;50.224121;49.725213;
5200500;4;65.054000;19757511;5283826;40946;649;40945;50.217715;50.224549;49.743254;
5210500;4;63.945000;19797330;5293929;41024;650;41023;50.218412;50.224972;49.761240;
5220500;4;63.462000;19837149;5304038;41103;653;41102;50.215501;50.224175;49.626474;
5230500;4;64.659000;19877989;5314400;41183;654;41182;50.216249;50.224607;49.646939;
5240500;4;64.053000;19917808;5324503;41261;655;41260;50.216945;50.225031;49.664935;
5250500;4;64.674000;19957627;5334608;41340;656;41339;50.216460;50.224235;49.684077;
5260500;4;64.740000;19997446;5344713;41418;658;41417;50.215960;50.224658;49.626311;
5270500;4;64.150000;20037265;5354816;41496;659;41495;50.216652;50.225076;49.644231;
5280500;4;64.426000;20078105;5365180;41577;660;41576;50.216220;50.224298;49.665681;
5290500;4;65.144000;20117924;5375283;41655;661;41654;50.216909;50.224715;49.683481;
5300500;4;64.722000;20157603;5385353;41733;663;41732;50.216081;50.224798;49.626157;
5310500;4;65.649000;20197422;5395456;41811;664;41810;50.216768;50.225210;49.643936;
5320500;4;66.445000;20238262;5405818;41891;665;41890;50.217501;50.225633;49.664039;
5330500;4;64.930000;20278081;5415923;41970;666;41969;50.217022;50.224851;49.682901;
5340500;4;64.993000;20317900;5426026;42048;667;42047;50.217704;50.225266;49.700515;
5350500;4;65.236000;20357719;5436131;42126;669;42125;50.217209;50.225680;49.643648;
5360500;4;67.337000;20397538;5446234;42204;670;42203;50.217888;50.226086;49.661248;
5370500;4;67.309000;20438378;5456598;42285;671;42284;50.217460;50.225322;49.682317;
5380500;4;66.684000;20478197;5466701;42363;672;42362;50.218130;50.225728;49.699807;
5390500;4;66.479000;20518016;5476806;42441;674;42440;50.217638;50.226137;49.643365;
5400500;4;66.928000;20557835;5486911;42520;675;42519;50.217166;50.225365;49.662005;
5410500;4;66.611000;20598675;5497273;42600;676;42599;50.217880;50.225781;49.681748;
5420500;4;66.890000;20638494;5507376;42678;677;42677;50.218561;50.226188;49.699109;
5430500;4;66.863000;20678313;5517483;42757;679;42756;50.216928;50.225419;49.644249;
5440500;4;66.962000;20718132;5527586;42835;680;42834;50.217591;50.225820;49.661589;
5450500;4;67.575000;20757951;5537689;42913;681;42912;50.218258;50.226225;49.678872;
5460500;4;67.746000;20798791;5548053;42994;682;42993;50.217836;50.225468;49.699580;
5470500;4;67.750000;20838610;5558156;43072;683;43071;50.218500;50.225872;49.716757;
5480500;4;67.413000;20878429;5568261;43150;685;43149;50.218021;50.226275;49.661178;
5490500;4;68.508000;20918248;5578364;43228;686;43227;50.218677;50.226670;49.678336;
6000500;4;77.230000;22960257;6096486;47247;750;47246;50.216351;50.224834;49.657397;
7000500;4;90.865000;26964179;7112484;55121;875;55120;50.219453;50.228443;49.647267;
8000500;4;105.160000;30968101;8128482;62995;1000;62994;50.221779;50.231149;49.639671;
9000500;4;119.762000;34972023;9144480;70869;1125;70868;50.223591;50.233254;49.633765;
10000500;4;133.230000;38975945;10160478;78743;1250;78742;50.225044;50.234942;49.629041;
11000500;4;146.118000;42979867;11176476;86617;1375;86616;50.213698;50.227305;49.625324;
12000500;4;159.851000;46983789;12192474;94491;1500;94490;50.195223;50.208369;49.622420;
13000500;4;174.950000;50987711;13208470;102365;1624;102364;50.180078;50.192351;49.651013;
14000500;4;188.052000;54991633;14224468;110239;1749;110238;50.166649;50.178621;49.646685;
15000500;4;202.408000;58995555;15240466;118113;1874;118112;50.155001;50.166717;49.642936;
16000500;4;214.913000;62999477;16256466;125988;1999;125987;50.144426;50.155904;49.640046;
17000500;4;229.081000;67003399;17272462;133861;2124;133860;50.135825;50.147119;49.636757;
18000500;4;244.768000;71007321;18288460;141735;2249;141734;50.127835;50.138949;49.634185;
19000500;4;257.484000;75011243;19304458;149609;2374;149608;50.120685;50.131643;49.631884;
20000500;4;270.305000;79015165;20320456;157483;2499;157482;50.114248;50.125064;49.629810;
21000500;4;283.794000;83019087;21336454;165357;2624;165356;50.108453;50.119115;49.627937;
22000500;4;300.619000;87023009;22352452;173231;2749;173230;50.103518;50.113709;49.626228;
23000500;4;315.726000;91026931;23368450;181105;2874;181104;50.099006;50.108771;49.624674;
24000500;4;327.600000;95030853;24384450;188980;2999;188979;50.094615;50.103974;49.623509;
25000500;4;340.426000;99034775;25400446;196853;3124;196852;50.091066;50.100075;49.621938;
26000500;4;353.197000;103038697;26416442;204727;3248;204726;50.087799;50.096231;49.636246;
27000500;4;364.376000;107042619;27432440;212601;3373;212600;50.084538;50.092671;49.634550;
28000500;4;377.706000;111046541;28448438;220475;3498;220474;50.081519;50.089366;49.632976;
29000500;4;395.435000;115050463;29464436;228349;3623;228348;50.078699;50.086285;49.631510;
30000500;4;406.764000;119054385;30480434;236223;3748;236222;50.076068;50.083413;49.630142;
31000500;4;421.350000;123058307;31496434;244097;3874;244096;50.073408;50.080726;49.616048;
32000500;4;432.967000;127062229;32512432;251971;3999;251970;50.071110;50.078207;49.615249;
33000500;4;447.327000;131066151;33528430;259845;4124;259844;50.068952;50.075841;49.614499;
34000500;4;466.585000;135070073;34544430;267720;4249;267719;50.066732;50.073424;49.613976;
35000500;4;475.547000;139073995;35560426;275593;4374;275592;50.064997;50.071511;49.613123;
36000500;4;490.610000;143077917;36576424;283467;4499;283466;50.063185;50.069528;49.612494;
37000500;4;504.751000;147081839;37592422;291341;4624;291340;50.061470;50.067649;49.611900;
38000500;4;520.808000;151085761;38608420;299215;4749;299214;50.059846;50.065872;49.611336;
39000500;4;531.831000;155089683;39624416;307089;4873;307088;50.058469;50.064187;49.621142;
40000500;4;543.256000;159093605;40640414;314963;4998;314962;50.057004;50.062585;49.620375;
41000500;4;563.184000;163097527;41656412;322837;5123;322836;50.055611;50.061062;49.619646;
42000500;4;571.493000;167101449;42672410;330711;5248;330710;50.054281;50.059608;49.618952;
43000500;4;589.081000;171105371;43688408;338585;5373;338584;50.053018;50.058231;49.618043;
44000500;4;604.502000;175109293;44704406;346459;5498;346458;50.051802;50.056907;49.617064;
50000500;4;689.724000;199132804;50800396;393704;6248;393703;50.045446;50.049961;49.612119;
60000500;4;1342.538000;239172020;60960370;472444;7497;472443;50.037934;50.041647;49.612631;
70000500;5;1578.879000;282098709;71120354;551185;8749;551184;50.032404;50.035621;49.607950;
80000500;5;1830.242000;332137925;81280330;629924;9998;629923;50.028510;50.031261;49.610267;
90000500;5;2163.474000;382222400;91485567;709385;10526;663215;50.133739;50.108570;49.611535;
